Optimal L:
 [[1.31781522 0.29342355 0.75505691 0.         0.         0.26927705
  0.         0.        ]
 [0.29342355 1.11364646 0.         0.         0.         0.22674959
  0.50813446 0.        ]
 [0.75505691 0.         0.90640129 0.         0.         0.15118782
  0.         0.        ]
 [0.         0.         0.         0.86149192 0.48998891 0.
  0.10996276 0.23758616]
 [0.         0.         0.         0.48998891 0.82334164 0.1416053
  0.         0.19163527]
 [0.26927705 0.22674959 0.15118782 0.         0.1416053  0.96490059
  0.         0.17607278]
 [0.         0.50813446 0.         0.10996276 0.         0.
  0.98195156 0.3637563 ]
 [0.         0.         0.         0.23758616 0.19163527 0.17607278
  0.3637563  1.03045128]]
trace:  7.99999996233147
