Optimal L:
 [[1.25541933 0.29042808 0.7035972  0.         0.         0.26139399
  0.         0.        ]
 [0.29042808 1.11157397 0.         0.         0.         0.2128079
  0.47365652 0.        ]
 [0.7035972  0.         0.88191577 0.         0.         0.17831856
  0.         0.        ]
 [0.         0.         0.         0.9032565  0.45941542 0.
  0.14094508 0.22882879]
 [0.         0.         0.         0.45941542 0.83118398 0.16109102
  0.         0.21067753]
 [0.26139399 0.2128079  0.17831856 0.         0.16109102 1.00544424
  0.         0.1695607 ]
 [0.         0.47365652 0.         0.14094508 0.         0.
  0.96692721 0.35232558]
 [0.         0.         0.         0.22882879 0.21067753 0.1695607
  0.35232558 1.044279  ]]
trace:  7.999999986650561
