Optimal L:
 [[1.12583963 0.21690203 0.46762583 0.         0.         0.20481386
  0.         0.        ]
 [0.21690203 1.0903993  0.10714226 0.10864653 0.         0.1646898
  0.31040746 0.12441868]
 [0.46762583 0.10714226 0.87535808 0.         0.10005165 0.20053752
  0.         0.        ]
 [0.         0.10864653 0.         0.94422478 0.31123689 0.
  0.173797   0.21756211]
 [0.         0.         0.10005165 0.31123689 0.94194687 0.14679829
  0.         0.19269105]
 [0.20481386 0.1646898  0.20053752 0.         0.14679829 1.03576065
  0.         0.16787055]
 [0.         0.31040746 0.         0.173797   0.         0.
  0.97625183 0.27610802]
 [0.         0.12441868 0.         0.21756211 0.19269105 0.16787055
  0.27610802 1.01021887]]
trace:  7.999999999845889
