Optimal L:
 [[1.31782273 0.29343826 0.75510786 0.         0.         0.26927625
  0.         0.        ]
 [0.29343826 1.11365834 0.         0.         0.         0.22674794
  0.50816311 0.        ]
 [0.75510786 0.         0.90633542 0.         0.         0.15122736
  0.         0.        ]
 [0.         0.         0.         0.86152135 0.49001598 0.
  0.10998731 0.23758622]
 [0.         0.         0.         0.49001598 0.82331054 0.14162763
  0.         0.19166672]
 [0.26927625 0.22674794 0.15122736 0.         0.14162763 0.96494474
  0.         0.17606545]
 [0.         0.50816311 0.         0.10998731 0.         0.
  0.98193086 0.36378014]
 [0.         0.         0.         0.23758622 0.19166672 0.17606545
  0.36378014 1.030476  ]]
trace:  7.999999987041232
