Optimal L:
 [[1.17545717 0.25467694 0.57931032 0.         0.         0.23690021
  0.         0.        ]
 [0.25467694 1.10675523 0.         0.         0.         0.18618622
  0.38617916 0.10730396]
 [0.57931032 0.         0.87867408 0.         0.         0.19482523
  0.         0.        ]
 [0.         0.         0.         0.92861718 0.38328433 0.
  0.16686892 0.22586722]
 [0.         0.         0.         0.38328433 0.88844278 0.15987518
  0.         0.20770454]
 [0.23690021 0.18618622 0.19482523 0.         0.15987518 1.02640424
  0.         0.1712038 ]
 [0.         0.38617916 0.         0.16686892 0.         0.
  0.96748679 0.31607877]
 [0.         0.10730396 0.         0.22586722 0.20770454 0.1712038
  0.31607877 1.02816252]]
trace:  7.999999983971847
