Optimal L:
 [[1.21848023 0.27460969 0.64780987 0.         0.         0.25001119
  0.         0.        ]
 [0.27460969 1.11120777 0.         0.         0.         0.20035418
  0.43548486 0.        ]
 [0.64780987 0.         0.87624743 0.         0.         0.1898471
  0.         0.        ]
 [0.         0.         0.         0.9210141  0.42872918 0.
  0.15612155 0.22543436]
 [0.         0.         0.         0.42872918 0.84793938 0.16749248
  0.         0.21552527]
 [0.25001119 0.20035418 0.1898471  0.         0.16749248 1.01966373
  0.         0.16910307]
 [0.         0.43548486 0.         0.15612155 0.         0.
  0.96355683 0.33730484]
 [0.         0.         0.         0.22543436 0.21552527 0.16910307
  0.33730484 1.04189053]]
trace:  7.999999985963431
