Optimal L:
 [[1.38096009 0.29617742 0.81060915 0.         0.         0.27417267
  0.         0.        ]
 [0.29617742 1.11605098 0.         0.         0.         0.23649766
  0.54470263 0.        ]
 [0.81060915 0.         0.92955773 0.         0.         0.11894154
  0.         0.        ]
 [0.         0.         0.         0.82937339 0.51709116 0.
  0.         0.2409978 ]
 [0.         0.         0.         0.51709116 0.80993425 0.11862139
  0.         0.17421746]
 [0.27417267 0.23649766 0.11894154 0.         0.11862139 0.92825189
  0.         0.18001899]
 [0.         0.54470263 0.         0.         0.         0.
  0.9939773  0.37798819]
 [0.         0.         0.         0.2409978  0.17421746 0.18001899
  0.37798819 1.01189436]]
trace:  7.999999987269314
