Optimal L:
 [[1.33703068 0.29474062 0.77166003 0.         0.         0.27062919
  0.         0.        ]
 [0.29474062 1.11345192 0.         0.         0.         0.23019708
  0.51944451 0.        ]
 [0.77166003 0.         0.91331448 0.         0.         0.14165315
  0.         0.        ]
 [0.         0.         0.         0.85080367 0.49869816 0.
  0.         0.23916836]
 [0.         0.         0.         0.49869816 0.81966515 0.13467548
  0.         0.1862904 ]
 [0.27062919 0.23019708 0.14165315 0.         0.13467548 0.95426662
  0.         0.17711156]
 [0.         0.51944451 0.         0.         0.         0.
  0.98610492 0.36772689]
 [0.         0.         0.         0.23916836 0.1862904  0.17711156
  0.36772689 1.02536256]]
trace:  7.999999986928772
