Optimal L:
 [[1.20309587 0.2666899  0.62163265 0.         0.         0.24538557
  0.         0.        ]
 [0.2666899  1.11015268 0.         0.         0.         0.19545015
  0.4180325  0.        ]
 [0.62163265 0.         0.87761115 0.         0.         0.19226612
  0.         0.        ]
 [0.         0.         0.         0.9247024  0.4117657  0.
  0.16126148 0.2251402 ]
 [0.         0.         0.         0.4117657  0.86273202 0.16563098
  0.         0.21277539]
 [0.24538557 0.19545015 0.19226612 0.         0.16563098 1.02140301
  0.         0.17025053]
 [0.         0.4180325  0.         0.16126148 0.         0.
  0.96278246 0.33036589]
 [0.         0.         0.         0.2251402  0.21277539 0.17025053
  0.33036589 1.0375204 ]]
trace:  7.999999985871099
