Optimal L:
 [[1.18877961 0.2601435  0.5990226  0.         0.         0.24125574
  0.         0.        ]
 [0.2601435  1.10861264 0.         0.         0.         0.19095767
  0.40160619 0.10325261]
 [0.5990226  0.         0.87836433 0.         0.         0.19409287
  0.         0.        ]
 [0.         0.         0.         0.9271266  0.39648163 0.
  0.16469648 0.22533334]
 [0.         0.         0.         0.39648163 0.87665574 0.16300219
  0.         0.20992819]
 [0.24125574 0.19095767 0.19409287 0.         0.16300219 1.02323974
  0.         0.17114616]
 [0.         0.40160619 0.         0.16469648 0.         0.
  0.96432784 0.32323188]
 [0.         0.10325261 0.         0.22533334 0.20992819 0.17114616
  0.32323188 1.03289349]]
trace:  7.9999999851691275
