Optimal L:
 [[1.15302036 0.24546965 0.54610521 0.         0.         0.22956412
  0.         0.        ]
 [0.24546965 1.10362348 0.         0.         0.         0.17815194
  0.36019739 0.11412577]
 [0.54610521 0.         0.87920217 0.         0.         0.19605492
  0.         0.        ]
 [0.         0.         0.         0.93112972 0.36105627 0.
  0.1705248  0.22676189]
 [0.         0.         0.         0.36105627 0.9082908  0.15461043
  0.         0.20395813]
 [0.22956412 0.17815194 0.19605492 0.         0.15461043 1.0317303
  0.         0.17129948]
 [0.         0.36019739 0.         0.1705248  0.         0.
  0.97280632 0.30402871]
 [0.         0.11412577 0.         0.22676189 0.20395813 0.17129948
  0.30402871 1.02019683]]
trace:  7.999999974379642
