Optimal L:
 [[1.16361527 0.24981765 0.56178674 0.         0.         0.2330285
  0.         0.        ]
 [0.24981765 1.10510322 0.         0.         0.         0.18194546
  0.37246641 0.11090473]
 [0.56178674 0.         0.87895122 0.         0.         0.19547515
  0.         0.        ]
 [0.         0.         0.         0.92994273 0.3715531  0.
  0.16879914 0.22634051]
 [0.         0.         0.         0.3715531  0.89891907 0.15709612
  0.         0.2057276 ]
 [0.2330285  0.18194546 0.19547515 0.         0.15709612 1.0292161
  0.         0.17125464]
 [0.         0.37246641 0.         0.16879914 0.         0.
  0.97029452 0.30971969]
 [0.         0.11090473 0.         0.22634051 0.2057276  0.17125464
  0.30971969 1.02395785]]
trace:  7.999999980559259
