Optimal L:
 [[1.28380364 0.29178284 0.72700015 0.         0.         0.26502064
  0.         0.        ]
 [0.29178284 1.11255473 0.         0.         0.         0.21918095
  0.48932653 0.        ]
 [0.72700015 0.         0.89304377 0.         0.         0.16604358
  0.         0.        ]
 [0.         0.         0.         0.88419126 0.47336255 0.
  0.12692263 0.23285501]
 [0.         0.         0.         0.47336255 0.82764972 0.15227506
  0.         0.20201212]
 [0.26502064 0.21918095 0.16604358 0.         0.15227506 0.98695417
  0.         0.17255622]
 [0.         0.48932653 0.         0.12692263 0.         0.
  0.97376871 0.35751954]
 [0.         0.         0.         0.23285501 0.20201212 0.17255622
  0.35751954 1.03803399]]
trace:  7.9999999868597635
