Optimal L:
 [[1.07245854 0.17579181 0.3202312  0.         0.10234943 0.1697477
  0.12640906 0.        ]
 [0.17579181 1.05473831 0.13998868 0.12294405 0.         0.14968559
  0.23248647 0.13740496]
 [0.3202312  0.13998868 0.90906334 0.         0.13644336 0.1866865
  0.         0.        ]
 [0.         0.12294405 0.         0.97909034 0.22423965 0.11678258
  0.16546117 0.18525708]
 [0.10234943 0.         0.13644336 0.22423965 0.9805118  0.1407398
  0.10876152 0.17154128]
 [0.1697477  0.14968559 0.1866865  0.11678258 0.1407398  1.02741887
  0.10464571 0.15913099]
 [0.12640906 0.23248647 0.         0.16546117 0.10876152 0.10464571
  0.97778085 0.22319169]
 [0.         0.13740496 0.         0.18525708 0.17154128 0.15913099
  0.22319169 0.99893792]]
trace:  7.999999985097675
