Optimal L:
 [[1.40591834 0.2955847  0.83373894 0.         0.         0.27659695
  0.         0.        ]
 [0.2955847  1.1203363  0.         0.         0.         0.23862533
  0.55855682 0.        ]
 [0.83373894 0.         0.93904136 0.         0.         0.10529427
  0.         0.        ]
 [0.         0.         0.         0.82001643 0.52620347 0.
  0.         0.24040153]
 [0.         0.         0.         0.52620347 0.80313045 0.10936018
  0.         0.16756314]
 [0.27659695 0.23862533 0.10529427 0.         0.10936018 0.91201642
  0.         0.18214143]
 [0.         0.55855682 0.         0.         0.         0.
  0.99691897 0.38494773]
 [0.         0.         0.         0.24040153 0.16756314 0.18214143
  0.38494773 1.00262172]]
trace:  7.999999989682609
