Optimal L:
 [[1.03622918 0.15932443 0.23154393 0.11490356 0.12260334 0.15630239
  0.13463312 0.11691841]
 [0.15932443 1.02736908 0.14142291 0.13290063 0.11964701 0.14627136
  0.18767168 0.14013106]
 [0.23154393 0.14142291 0.95453179 0.11015666 0.13965026 0.16477176
  0.         0.        ]
 [0.11490356 0.13290063 0.11015666 0.9895452  0.18354828 0.1298199
  0.15415913 0.16405705]
 [0.12260334 0.11964701 0.13965026 0.18354828 0.99025593 0.14179848
  0.12580938 0.15719917]
 [0.15630239 0.14627136 0.16477176 0.1298199  0.14179848 1.0137094
  0.12375148 0.15099404]
 [0.13463312 0.18767168 0.         0.15415913 0.12580938 0.12375148
  0.98889046 0.1830243 ]
 [0.11691841 0.14013106 0.         0.16405705 0.15719917 0.15099404
  0.1830243  0.99946896]]
trace:  7.999999993080809
