Optimal L:
 [[1.2353394  0.28409438 0.67720428 0.         0.         0.25554349
  0.         0.        ]
 [0.28409438 1.11103141 0.         0.         0.         0.2064586
  0.45456232 0.        ]
 [0.67720428 0.         0.87559316 0.         0.         0.18634532
  0.         0.        ]
 [0.         0.         0.         0.91543557 0.44657617 0.
  0.14909546 0.22630011]
 [0.         0.         0.         0.44657617 0.83405336 0.16779821
  0.         0.21697197]
 [0.25554349 0.2064586  0.18634532 0.         0.16779821 1.01656591
  0.         0.16818951]
 [0.         0.45456232 0.         0.14909546 0.         0.
  0.96637098 0.34421593]
 [0.         0.         0.         0.22630011 0.21697197 0.16818951
  0.34421593 1.04561019]]
trace:  7.999999986351845
